\\ File generated by BNfinder
\\ 01/20/26 15:54:33
\\ Network graph learned with MDL scoring function from expression data file 'trajectories/5d_000/5d_000_sync_f5_s10_l10_at0.9.txt'
\\ Conditional probability distributions generated with total pseudocounts number 1.000000

network "BNProject" {}

variable "x1" {
   type discrete[2] { "0" "1" }
    }
probability ( "x1" ) {
     table 0.0108695652174 0.989130434783 ;
    }

variable "x2" {
   type discrete[2] { "0" "1" }
    }
probability ( "x2" | "x5" ) {
     default 0.5 0.5 ;
     ( "0" ) 0.973684210526 0.0263157894737 ;
     ( "1" ) 0.0178571428571 0.982142857143 ;
    }

variable "x3" {
   type discrete[2] { "0" "1" }
    }
probability ( "x3" | "x2" "x5" ) {
     default 0.5 0.5 ;
     ( "0" "1" ) 0.965517241379 0.0344827586207 ;
     ( "1" "0" ) 0.965517241379 0.0344827586207 ;
     ( "0" "0" ) 0.0909090909091 0.909090909091 ;
     ( "1" "1" ) 0.965517241379 0.0344827586207 ;
    }

variable "x4" {
   type discrete[2] { "0" "1" }
    }
probability ( "x4" | "x2" "x5" ) {
     default 0.5 0.5 ;
     ( "0" "1" ) 0.965517241379 0.0344827586207 ;
     ( "1" "0" ) 0.0344827586207 0.965517241379 ;
     ( "0" "0" ) 0.909090909091 0.0909090909091 ;
     ( "1" "1" ) 0.965517241379 0.0344827586207 ;
    }

variable "x5" {
   type discrete[2] { "0" "1" }
    }
probability ( "x5" | "x2" ) {
     default 0.5 0.5 ;
     ( "0" ) 0.973684210526 0.0263157894737 ;
     ( "1" ) 0.0178571428571 0.982142857143 ;
    }

