\\ File generated by BNfinder
\\ 01/20/26 15:55:04
\\ Network graph learned with BDE scoring function from expression data file 'trajectories/5d_000/5d_000_sync_f10_s10_l10_at0.9.txt'
\\ Conditional probability distributions generated with total pseudocounts number 1.000000

network "BNProject" {}

variable "x1" {
   type discrete[2] { "0" "1" }
    }
probability ( "x1" ) {
     table 0.0108695652174 0.989130434783 ;
    }

variable "x2" {
   type discrete[2] { "0" "1" }
    }
probability ( "x2" | "x2" ) {
     default 0.5 0.5 ;
     ( "0" ) 0.965517241379 0.0344827586207 ;
     ( "1" ) 0.0153846153846 0.984615384615 ;
    }

variable "x3" {
   type discrete[2] { "0" "1" }
    }
probability ( "x3" | "x2" "x4" ) {
     default 0.5 0.5 ;
     ( "0" "1" ) 0.947368421053 0.0526315789474 ;
     ( "1" "0" ) 0.983606557377 0.016393442623 ;
     ( "0" "0" ) 0.166666666667 0.833333333333 ;
     ( "1" "1" ) 0.833333333333 0.166666666667 ;
    }

variable "x4" {
   type discrete[2] { "0" "1" }
    }
probability ( "x4" | "x2" "x4" ) {
     default 0.5 0.5 ;
     ( "0" "1" ) 0.0526315789474 0.947368421053 ;
     ( "1" "0" ) 0.983606557377 0.016393442623 ;
     ( "0" "0" ) 0.833333333333 0.166666666667 ;
     ( "1" "1" ) 0.833333333333 0.166666666667 ;
    }

variable "x5" {
   type discrete[2] { "0" "1" }
    }
probability ( "x5" | "x5" ) {
     default 0.5 0.5 ;
     ( "0" ) 0.982142857143 0.0178571428571 ;
     ( "1" ) 0.0263157894737 0.973684210526 ;
    }

