\\ File generated by BNfinder
\\ 01/20/26 15:55:09
\\ Network graph learned with BDE scoring function from expression data file 'trajectories/5d_000/5d_000_sync_f5_s10_l500_at1.0.txt'
\\ Conditional probability distributions generated with total pseudocounts number 1.000000

network "BNProject" {}

variable "x1" {
   type discrete[2] { "0" "1" }
    }
probability ( "x1" ) {
     table 0.000200320512821 0.999799679487 ;
    }

variable "x2" {
   type discrete[2] { "0" "1" }
    }
probability ( "x2" | "x5" ) {
     default 0.5 0.5 ;
     ( "0" ) 0.999332443258 0.000667556742323 ;
     ( "1" ) 0.000286041189931 0.99971395881 ;
    }

variable "x3" {
   type discrete[2] { "0" "1" }
    }
probability ( "x3" | "x2" "x5" ) {
     default 0.5 0.5 ;
     ( "0" "1" ) 0.999000999001 0.000999000999001 ;
     ( "1" "0" ) 0.998998998999 0.001001001001 ;
     ( "0" "0" ) 0.00199600798403 0.998003992016 ;
     ( "1" "1" ) 0.999599519423 0.000400480576692 ;
    }

variable "x4" {
   type discrete[2] { "0" "1" }
    }
probability ( "x4" | "x2" "x5" ) {
     default 0.5 0.5 ;
     ( "0" "1" ) 0.999000999001 0.000999000999001 ;
     ( "1" "0" ) 0.001001001001 0.998998998999 ;
     ( "0" "0" ) 0.998003992016 0.00199600798403 ;
     ( "1" "1" ) 0.999599519423 0.000400480576692 ;
    }

variable "x5" {
   type discrete[2] { "0" "1" }
    }
probability ( "x5" | "x2" ) {
     default 0.5 0.5 ;
     ( "0" ) 0.999333333333 0.000666666666667 ;
     ( "1" ) 0.000286204922725 0.999713795077 ;
    }

