\\ File generated by BNfinder
\\ 01/20/26 17:58:20
\\ Network graph learned with MDL scoring function from expression data file 'trajectories/10d_004/10d_004_sync_f10_s10_l10_at1.0.txt'
\\ Conditional probability distributions generated with total pseudocounts number 1.000000

network "BNProject" {}

variable "x1" {
   type discrete[2] { "0" "1" }
    }
probability ( "x1" | "x10" "x3" "x4" ) {
     default 0.5 0.5 ;
     ( "1" "0" "0" ) 0.95652173913 0.0434782608696 ;
     ( "0" "1" "1" ) 0.909090909091 0.0909090909091 ;
     ( "0" "0" "0" ) 0.0714285714286 0.928571428571 ;
     ( "0" "0" "1" ) 0.0322580645161 0.967741935484 ;
     ( "1" "0" "1" ) 0.047619047619 0.952380952381 ;
    }

variable "x10" {
   type discrete[2] { "0" "1" }
    }
probability ( "x10" | "x1" "x10" "x3" ) {
     default 0.5 0.5 ;
     ( "1" "0" "0" ) 0.0322580645161 0.967741935484 ;
     ( "1" "1" "0" ) 0.969696969697 0.030303030303 ;
     ( "0" "1" "0" ) 0.909090909091 0.0909090909091 ;
     ( "0" "0" "0" ) 0.928571428571 0.0714285714286 ;
     ( "0" "0" "1" ) 0.0909090909091 0.909090909091 ;
    }

variable "x2" {
   type discrete[2] { "0" "1" }
    }
probability ( "x2" | "x10" "x4" ) {
     default 0.5 0.5 ;
     ( "0" "1" ) 0.975 0.025 ;
     ( "1" "0" ) 0.0434782608696 0.95652173913 ;
     ( "0" "0" ) 0.928571428571 0.0714285714286 ;
     ( "1" "1" ) 0.952380952381 0.047619047619 ;
    }

variable "x3" {
   type discrete[2] { "0" "1" }
    }
probability ( "x3" | "x1" "x10" ) {
     default 0.5 0.5 ;
     ( "0" "1" ) 0.0909090909091 0.909090909091 ;
     ( "1" "0" ) 0.967741935484 0.0322580645161 ;
     ( "0" "0" ) 0.95652173913 0.0434782608696 ;
     ( "1" "1" ) 0.969696969697 0.030303030303 ;
    }

variable "x4" {
   type discrete[2] { "0" "1" }
    }
probability ( "x4" | "x10" "x5" ) {
     default 0.5 0.5 ;
     ( "0" "1" ) 0.971428571429 0.0285714285714 ;
     ( "1" "0" ) 0.030303030303 0.969696969697 ;
     ( "0" "0" ) 0.0526315789474 0.947368421053 ;
     ( "1" "1" ) 0.0909090909091 0.909090909091 ;
    }

variable "x5" {
   type discrete[2] { "0" "1" }
    }
probability ( "x5" | "x10" "x7" ) {
     default 0.5 0.5 ;
     ( "0" "1" ) 0.967741935484 0.0322580645161 ;
     ( "1" "0" ) 0.952380952381 0.047619047619 ;
     ( "0" "0" ) 0.0434782608696 0.95652173913 ;
     ( "1" "1" ) 0.0434782608696 0.95652173913 ;
    }

variable "x6" {
   type discrete[2] { "0" "1" }
    }
probability ( "x6" | "x10" "x7" ) {
     default 0.5 0.5 ;
     ( "0" "1" ) 0.0322580645161 0.967741935484 ;
     ( "1" "0" ) 0.047619047619 0.952380952381 ;
     ( "0" "0" ) 0.95652173913 0.0434782608696 ;
     ( "1" "1" ) 0.95652173913 0.0434782608696 ;
    }

variable "x7" {
   type discrete[2] { "0" "1" }
    }
probability ( "x7" | "x1" "x10" "x4" ) {
     default 0.5 0.5 ;
     ( "1" "1" "0" ) 0.928571428571 0.0714285714286 ;
     ( "1" "0" "0" ) 0.0714285714286 0.928571428571 ;
     ( "0" "0" "1" ) 0.0434782608696 0.95652173913 ;
     ( "1" "0" "1" ) 0.947368421053 0.0526315789474 ;
     ( "1" "1" "1" ) 0.047619047619 0.952380952381 ;
     ( "0" "1" "0" ) 0.909090909091 0.0909090909091 ;
    }

variable "x8" {
   type discrete[2] { "0" "1" }
    }
probability ( "x8" | "x1" "x10" ) {
     default 0.5 0.5 ;
     ( "0" "1" ) 0.909090909091 0.0909090909091 ;
     ( "1" "0" ) 0.0322580645161 0.967741935484 ;
     ( "0" "0" ) 0.0434782608696 0.95652173913 ;
     ( "1" "1" ) 0.030303030303 0.969696969697 ;
    }

variable "x9" {
   type discrete[2] { "0" "1" }
    }
probability ( "x9" | "x1" "x10" ) {
     default 0.5 0.5 ;
     ( "0" "1" ) 0.0909090909091 0.909090909091 ;
     ( "1" "0" ) 0.0322580645161 0.967741935484 ;
     ( "0" "0" ) 0.0434782608696 0.95652173913 ;
     ( "1" "1" ) 0.969696969697 0.030303030303 ;
    }

