\\ File generated by BNfinder
\\ 01/20/26 17:56:39
\\ Network graph learned with MDL scoring function from expression data file 'trajectories/10d_004/10d_004_sync_f1_s10_l10_at0.9.txt'
\\ Conditional probability distributions generated with total pseudocounts number 1.000000

network "BNProject" {}

variable "x1" {
   type discrete[2] { "0" "1" }
    }
probability ( "x1" | "x5" ) {
     default 0.5 0.5 ;
     ( "0" ) 0.972972972973 0.027027027027 ;
     ( "1" ) 0.0175438596491 0.982456140351 ;
    }

variable "x10" {
   type discrete[2] { "0" "1" }
    }
probability ( "x10" | "x2" "x5" "x9" ) {
     default 0.5 0.5 ;
     ( "0" "1" "1" ) 0.0333333333333 0.966666666667 ;
     ( "1" "1" "0" ) 0.954545454545 0.0454545454545 ;
     ( "1" "0" "0" ) 0.333333333333 0.666666666667 ;
     ( "0" "0" "1" ) 0.966666666667 0.0333333333333 ;
     ( "0" "0" "0" ) 0.125 0.875 ;
     ( "1" "1" "1" ) 0.875 0.125 ;
     ( "0" "1" "0" ) 0.666666666667 0.333333333333 ;
    }

variable "x2" {
   type discrete[2] { "0" "1" }
    }
probability ( "x2" | "x10" "x5" ) {
     default 0.5 0.5 ;
     ( "0" "1" ) 0.979166666667 0.0208333333333 ;
     ( "1" "0" ) 0.0333333333333 0.966666666667 ;
     ( "0" "0" ) 0.888888888889 0.111111111111 ;
     ( "1" "1" ) 0.909090909091 0.0909090909091 ;
    }

variable "x3" {
   type discrete[2] { "0" "1" }
    }
probability ( "x3" | "x10" "x7" ) {
     default 0.5 0.5 ;
     ( "0" "1" ) 0.967741935484 0.0322580645161 ;
     ( "1" "0" ) 0.111111111111 0.888888888889 ;
     ( "0" "0" ) 0.961538461538 0.0384615384615 ;
     ( "1" "1" ) 0.96875 0.03125 ;
    }

variable "x4" {
   type discrete[2] { "0" "1" }
    }
probability ( "x4" | "x10" "x3" ) {
     default 0.5 0.5 ;
     ( "0" "1" ) 0.125 0.875 ;
     ( "1" "0" ) 0.027027027027 0.972972972973 ;
     ( "0" "0" ) 0.979591836735 0.0204081632653 ;
     ( "1" "1" ) 0.75 0.25 ;
    }

variable "x5" {
   type discrete[2] { "0" "1" }
    }
probability ( "x5" | "x5" "x9" ) {
     default 0.5 0.5 ;
     ( "0" "1" ) 0.0333333333333 0.966666666667 ;
     ( "1" "0" ) 0.0434782608696 0.95652173913 ;
     ( "0" "0" ) 0.111111111111 0.888888888889 ;
     ( "1" "1" ) 0.972222222222 0.0277777777778 ;
    }

variable "x6" {
   type discrete[2] { "0" "1" }
    }
probability ( "x6" | "x5" "x9" ) {
     default 0.5 0.5 ;
     ( "0" "1" ) 0.966666666667 0.0333333333333 ;
     ( "1" "0" ) 0.95652173913 0.0434782608696 ;
     ( "0" "0" ) 0.888888888889 0.111111111111 ;
     ( "1" "1" ) 0.0277777777778 0.972222222222 ;
    }

variable "x7" {
   type discrete[2] { "0" "1" }
    }
probability ( "x7" | "x10" "x3" ) {
     default 0.5 0.5 ;
     ( "0" "1" ) 0.125 0.875 ;
     ( "1" "0" ) 0.972972972973 0.027027027027 ;
     ( "0" "0" ) 0.0204081632653 0.979591836735 ;
     ( "1" "1" ) 0.25 0.75 ;
    }

variable "x8" {
   type discrete[2] { "0" "1" }
    }
probability ( "x8" | "x10" "x7" ) {
     default 0.5 0.5 ;
     ( "0" "1" ) 0.0322580645161 0.967741935484 ;
     ( "1" "0" ) 0.888888888889 0.111111111111 ;
     ( "0" "0" ) 0.0384615384615 0.961538461538 ;
     ( "1" "1" ) 0.03125 0.96875 ;
    }

variable "x9" {
   type discrete[2] { "0" "1" }
    }
probability ( "x9" | "x3" "x4" "x5" ) {
     default 0.5 0.5 ;
     ( "0" "1" "1" ) 0.0454545454545 0.954545454545 ;
     ( "0" "0" "1" ) 0.0344827586207 0.965517241379 ;
     ( "1" "0" "1" ) 0.25 0.75 ;
     ( "0" "0" "0" ) 0.95652173913 0.0434782608696 ;
     ( "0" "1" "0" ) 0.0625 0.9375 ;
     ( "1" "1" "1" ) 0.875 0.125 ;
    }

