\\ File generated by BNfinder
\\ 01/20/26 17:58:53
\\ Network graph learned with MDL scoring function from expression data file 'trajectories/10d_004/10d_004_sync_f10_s10_l50_at1.0.txt'
\\ Conditional probability distributions generated with total pseudocounts number 1.000000

network "BNProject" {}

variable "x1" {
   type discrete[2] { "0" "1" }
    }
probability ( "x1" | "x4" "x6" ) {
     default 0.5 0.5 ;
     ( "0" "1" ) 0.97972972973 0.0202702702703 ;
     ( "1" "0" ) 0.00680272108844 0.993197278912 ;
     ( "0" "0" ) 0.0136054421769 0.986394557823 ;
     ( "1" "1" ) 0.0357142857143 0.964285714286 ;
    }

variable "x10" {
   type discrete[2] { "0" "1" }
    }
probability ( "x10" | "x1" "x10" ) {
     default 0.5 0.5 ;
     ( "0" "1" ) 0.6 0.4 ;
     ( "1" "0" ) 0.0174418604651 0.982558139535 ;
     ( "0" "0" ) 0.973333333333 0.0266666666667 ;
     ( "1" "1" ) 0.994152046784 0.00584795321637 ;
    }

variable "x2" {
   type discrete[2] { "0" "1" }
    }
probability ( "x2" | "x10" "x2" "x7" ) {
     default 0.5 0.5 ;
     ( "0" "1" "1" ) 0.666666666667 0.333333333333 ;
     ( "1" "1" "0" ) 0.666666666667 0.333333333333 ;
     ( "1" "0" "0" ) 0.962962962963 0.037037037037 ;
     ( "0" "0" "1" ) 0.994082840237 0.00591715976331 ;
     ( "1" "0" "1" ) 0.00684931506849 0.993150684932 ;
     ( "0" "0" "0" ) 0.25 0.75 ;
     ( "0" "1" "0" ) 0.993197278912 0.00680272108844 ;
     ( "1" "1" "1" ) 0.5 0.5 ;
    }

variable "x3" {
   type discrete[2] { "0" "1" }
    }
probability ( "x3" ) {
     table 0.99593495935 0.00406504065041 ;
    }

variable "x4" {
   type discrete[2] { "0" "1" }
    }
probability ( "x4" | "x1" "x2" "x5" ) {
     default 0.5 0.5 ;
     ( "0" "1" "1" ) 0.993103448276 0.00689655172414 ;
     ( "1" "1" "0" ) 0.666666666667 0.333333333333 ;
     ( "1" "0" "0" ) 0.00518134715026 0.99481865285 ;
     ( "0" "0" "1" ) 0.5 0.5 ;
     ( "1" "0" "1" ) 0.993055555556 0.00694444444444 ;
     ( "0" "0" "0" ) 0.666666666667 0.333333333333 ;
     ( "1" "1" "1" ) 0.5 0.5 ;
     ( "0" "1" "0" ) 0.6 0.4 ;
    }

variable "x5" {
   type discrete[2] { "0" "1" }
    }
probability ( "x5" | "x4" "x6" ) {
     default 0.5 0.5 ;
     ( "0" "1" ) 0.0135135135135 0.986486486486 ;
     ( "1" "0" ) 0.0136054421769 0.986394557823 ;
     ( "0" "0" ) 0.986394557823 0.0136054421769 ;
     ( "1" "1" ) 0.964285714286 0.0357142857143 ;
    }

variable "x6" {
   type discrete[2] { "0" "1" }
    }
probability ( "x6" | "x4" "x6" ) {
     default 0.5 0.5 ;
     ( "0" "1" ) 0.986486486486 0.0135135135135 ;
     ( "1" "0" ) 0.986394557823 0.0136054421769 ;
     ( "0" "0" ) 0.0136054421769 0.986394557823 ;
     ( "1" "1" ) 0.0357142857143 0.964285714286 ;
    }

variable "x7" {
   type discrete[2] { "0" "1" }
    }
probability ( "x7" | "x2" "x5" "x7" ) {
     default 0.5 0.5 ;
     ( "1" "1" "0" ) 0.00689655172414 0.993103448276 ;
     ( "0" "1" "1" ) 0.00684931506849 0.993150684932 ;
     ( "1" "0" "0" ) 0.2 0.8 ;
     ( "0" "0" "1" ) 0.994082840237 0.00591715976331 ;
     ( "1" "0" "1" ) 0.166666666667 0.833333333333 ;
     ( "0" "0" "0" ) 0.037037037037 0.962962962963 ;
     ( "0" "1" "0" ) 0.5 0.5 ;
     ( "1" "1" "1" ) 0.5 0.5 ;
    }

variable "x8" {
   type discrete[2] { "0" "1" }
    }
probability ( "x8" ) {
     table 0.00609756097561 0.993902439024 ;
    }

variable "x9" {
   type discrete[2] { "0" "1" }
    }
probability ( "x9" | "x1" "x10" ) {
     default 0.5 0.5 ;
     ( "0" "1" ) 0.2 0.8 ;
     ( "1" "0" ) 0.0116279069767 0.988372093023 ;
     ( "0" "0" ) 0.00666666666667 0.993333333333 ;
     ( "1" "1" ) 0.994152046784 0.00584795321637 ;
    }

