\\ File generated by BNfinder
\\ 01/20/26 17:56:53
\\ Network graph learned with BDE scoring function from expression data file 'trajectories/10d_004/10d_004_sync_f5_s10_l10_at0.4.txt'
\\ Conditional probability distributions generated with total pseudocounts number 1.000000

network "BNProject" {}

variable "x1" {
   type discrete[2] { "0" "1" }
    }
probability ( "x1" | "x2" "x6" ) {
     default 0.5 0.5 ;
     ( "0" "1" ) 0.261904761905 0.738095238095 ;
     ( "1" "0" ) 0.0833333333333 0.916666666667 ;
     ( "0" "0" ) 0.954545454545 0.0454545454545 ;
     ( "1" "1" ) 0.954545454545 0.0454545454545 ;
    }

variable "x10" {
   type discrete[2] { "0" "1" }
    }
probability ( "x10" | "x1" "x2" "x4" ) {
     default 0.5 0.5 ;
     ( "1" "1" "0" ) 0.0833333333333 0.916666666667 ;
     ( "0" "1" "1" ) 0.0833333333333 0.916666666667 ;
     ( "1" "0" "0" ) 0.954545454545 0.0454545454545 ;
     ( "0" "0" "1" ) 0.96875 0.03125 ;
     ( "0" "0" "0" ) 0.0833333333333 0.916666666667 ;
     ( "0" "1" "0" ) 0.916666666667 0.0833333333333 ;
    }

variable "x2" {
   type discrete[2] { "0" "1" }
    }
probability ( "x2" | "x1" "x6" "x9" ) {
     default 0.5 0.5 ;
     ( "0" "1" "1" ) 0.0833333333333 0.916666666667 ;
     ( "0" "1" "0" ) 0.96875 0.03125 ;
     ( "0" "0" "0" ) 0.954545454545 0.0454545454545 ;
     ( "1" "1" "1" ) 0.954545454545 0.0454545454545 ;
     ( "1" "0" "1" ) 0.0833333333333 0.916666666667 ;
    }

variable "x3" {
   type discrete[2] { "0" "1" }
    }
probability ( "x3" | "x10" "x3" ) {
     default 0.5 0.5 ;
     ( "0" "1" ) 0.916666666667 0.0833333333333 ;
     ( "1" "0" ) 0.954545454545 0.0454545454545 ;
     ( "0" "0" ) 0.980769230769 0.0192307692308 ;
     ( "1" "1" ) 0.0833333333333 0.916666666667 ;
    }

variable "x4" {
   type discrete[2] { "0" "1" }
    }
probability ( "x4" | "x2" "x6" ) {
     default 0.5 0.5 ;
     ( "0" "1" ) 0.97619047619 0.0238095238095 ;
     ( "1" "0" ) 0.916666666667 0.0833333333333 ;
     ( "0" "0" ) 0.0454545454545 0.954545454545 ;
     ( "1" "1" ) 0.0454545454545 0.954545454545 ;
    }

variable "x5" {
   type discrete[2] { "0" "1" }
    }
probability ( "x5" | "x1" "x2" "x4" ) {
     default 0.5 0.5 ;
     ( "1" "1" "0" ) 0.0833333333333 0.916666666667 ;
     ( "0" "1" "1" ) 0.916666666667 0.0833333333333 ;
     ( "1" "0" "0" ) 0.0454545454545 0.954545454545 ;
     ( "0" "0" "1" ) 0.03125 0.96875 ;
     ( "0" "0" "0" ) 0.916666666667 0.0833333333333 ;
     ( "0" "1" "0" ) 0.916666666667 0.0833333333333 ;
    }

variable "x6" {
   type discrete[2] { "0" "1" }
    }
probability ( "x6" | "x1" ) {
     default 0.5 0.5 ;
     ( "0" ) 0.0161290322581 0.983870967742 ;
     ( "1" ) 0.96875 0.03125 ;
    }

variable "x7" {
   type discrete[2] { "0" "1" }
    }
probability ( "x7" | "x2" "x6" ) {
     default 0.5 0.5 ;
     ( "0" "1" ) 0.0238095238095 0.97619047619 ;
     ( "1" "0" ) 0.0833333333333 0.916666666667 ;
     ( "0" "0" ) 0.954545454545 0.0454545454545 ;
     ( "1" "1" ) 0.954545454545 0.0454545454545 ;
    }

variable "x8" {
   type discrete[2] { "0" "1" }
    }
probability ( "x8" ) {
     table 0.0108695652174 0.989130434783 ;
    }

variable "x9" {
   type discrete[2] { "0" "1" }
    }
probability ( "x9" | "x2" "x5" "x6" ) {
     default 0.5 0.5 ;
     ( "0" "1" "1" ) 0.5 0.5 ;
     ( "1" "1" "0" ) 0.0833333333333 0.916666666667 ;
     ( "0" "0" "1" ) 0.0454545454545 0.954545454545 ;
     ( "1" "0" "1" ) 0.0833333333333 0.916666666667 ;
     ( "1" "1" "1" ) 0.916666666667 0.0833333333333 ;
     ( "0" "1" "0" ) 0.954545454545 0.0454545454545 ;
    }

