\\ File generated by BNfinder
\\ 01/20/26 17:56:44
\\ Network graph learned with MDL scoring function from expression data file 'trajectories/10d_004/10d_004_sync_f1_s100_l10_at0.9.txt'
\\ Conditional probability distributions generated with total pseudocounts number 1.000000

network "BNProject" {}

variable "x1" {
   type discrete[2] { "0" "1" }
    }
probability ( "x1" | "x5" ) {
     default 0.5 0.5 ;
     ( "0" ) 0.997237569061 0.00276243093923 ;
     ( "1" ) 0.00184501845018 0.99815498155 ;
    }

variable "x10" {
   type discrete[2] { "0" "1" }
    }
probability ( "x10" | "x2" "x5" "x9" ) {
     default 0.5 0.5 ;
     ( "0" "1" "1" ) 0.00363636363636 0.996363636364 ;
     ( "1" "1" "0" ) 0.994475138122 0.00552486187845 ;
     ( "1" "0" "0" ) 0.0714285714286 0.928571428571 ;
     ( "0" "0" "1" ) 0.996350364964 0.0036496350365 ;
     ( "0" "0" "0" ) 0.0128205128205 0.987179487179 ;
     ( "0" "1" "0" ) 0.933333333333 0.0666666666667 ;
     ( "1" "1" "1" ) 0.987012987013 0.012987012987 ;
    }

variable "x2" {
   type discrete[2] { "0" "1" }
    }
probability ( "x2" | "x10" "x5" ) {
     default 0.5 0.5 ;
     ( "0" "1" ) 0.997742663657 0.00225733634312 ;
     ( "1" "0" ) 0.0036496350365 0.996350364964 ;
     ( "0" "0" ) 0.988888888889 0.0111111111111 ;
     ( "1" "1" ) 0.990099009901 0.00990099009901 ;
    }

variable "x3" {
   type discrete[2] { "0" "1" }
    }
probability ( "x3" | "x10" "x7" ) {
     default 0.5 0.5 ;
     ( "0" "1" ) 0.996527777778 0.00347222222222 ;
     ( "1" "0" ) 0.0121951219512 0.987804878049 ;
     ( "0" "0" ) 0.995918367347 0.00408163265306 ;
     ( "1" "1" ) 0.996587030717 0.00341296928328 ;
    }

variable "x4" {
   type discrete[2] { "0" "1" }
    }
probability ( "x4" | "x10" "x3" "x5" ) {
     default 0.5 0.5 ;
     ( "0" "1" "1" ) 0.012987012987 0.987012987013 ;
     ( "1" "0" "0" ) 0.0036496350365 0.996350364964 ;
     ( "0" "0" "1" ) 0.997282608696 0.00271739130435 ;
     ( "1" "0" "1" ) 0.0120481927711 0.987951807229 ;
     ( "0" "0" "0" ) 0.988235294118 0.0117647058824 ;
     ( "1" "1" "1" ) 0.95 0.05 ;
     ( "0" "1" "0" ) 0.857142857143 0.142857142857 ;
    }

variable "x5" {
   type discrete[2] { "0" "1" }
    }
probability ( "x5" | "x5" "x9" ) {
     default 0.5 0.5 ;
     ( "0" "1" ) 0.0036496350365 0.996350364964 ;
     ( "1" "0" ) 0.00515463917526 0.994845360825 ;
     ( "0" "0" ) 0.0111111111111 0.988888888889 ;
     ( "1" "1" ) 0.997142857143 0.00285714285714 ;
    }

variable "x6" {
   type discrete[2] { "0" "1" }
    }
probability ( "x6" | "x5" "x9" ) {
     default 0.5 0.5 ;
     ( "0" "1" ) 0.996350364964 0.0036496350365 ;
     ( "1" "0" ) 0.994845360825 0.00515463917526 ;
     ( "0" "0" ) 0.988888888889 0.0111111111111 ;
     ( "1" "1" ) 0.00285714285714 0.997142857143 ;
    }

variable "x7" {
   type discrete[2] { "0" "1" }
    }
probability ( "x7" | "x10" "x3" ) {
     default 0.5 0.5 ;
     ( "0" "1" ) 0.0121951219512 0.987804878049 ;
     ( "1" "0" ) 0.997183098592 0.00281690140845 ;
     ( "0" "0" ) 0.00221729490022 0.9977827051 ;
     ( "1" "1" ) 0.05 0.95 ;
    }

variable "x8" {
   type discrete[2] { "0" "1" }
    }
probability ( "x8" | "x10" "x7" ) {
     default 0.5 0.5 ;
     ( "0" "1" ) 0.00347222222222 0.996527777778 ;
     ( "1" "0" ) 0.987804878049 0.0121951219512 ;
     ( "0" "0" ) 0.00408163265306 0.995918367347 ;
     ( "1" "1" ) 0.00341296928328 0.996587030717 ;
    }

variable "x9" {
   type discrete[2] { "0" "1" }
    }
probability ( "x9" | "x4" "x5" "x8" ) {
     default 0.5 0.5 ;
     ( "0" "1" "1" ) 0.00383141762452 0.996168582375 ;
     ( "1" "1" "0" ) 0.987012987013 0.012987012987 ;
     ( "1" "0" "0" ) 0.0833333333333 0.916666666667 ;
     ( "0" "0" "1" ) 0.994845360825 0.00515463917526 ;
     ( "1" "0" "1" ) 0.00662251655629 0.993377483444 ;
     ( "0" "0" "0" ) 0.0909090909091 0.909090909091 ;
     ( "0" "1" "0" ) 0.0344827586207 0.965517241379 ;
     ( "1" "1" "1" ) 0.00552486187845 0.994475138122 ;
    }

