\\ File generated by BNfinder
\\ 01/20/26 17:56:28
\\ Network graph learned with BDE scoring function from expression data file 'trajectories/10d_004/10d_004_sync_f1_s10_l10_at1.0.txt'
\\ Conditional probability distributions generated with total pseudocounts number 1.000000

network "BNProject" {}

variable "x1" {
   type discrete[2] { "0" "1" }
    }
probability ( "x1" | "x6" ) {
     default 0.5 0.5 ;
     ( "0" ) 0.0178571428571 0.982142857143 ;
     ( "1" ) 0.973684210526 0.0263157894737 ;
    }

variable "x10" {
   type discrete[2] { "0" "1" }
    }
probability ( "x10" | "x1" "x10" ) {
     default 0.5 0.5 ;
     ( "0" "1" ) 0.0769230769231 0.923076923077 ;
     ( "1" "0" ) 0.037037037037 0.962962962963 ;
     ( "0" "0" ) 0.966666666667 0.0333333333333 ;
     ( "1" "1" ) 0.964285714286 0.0357142857143 ;
    }

variable "x2" {
   type discrete[2] { "0" "1" }
    }
probability ( "x2" | "x10" "x6" ) {
     default 0.5 0.5 ;
     ( "0" "1" ) 0.916666666667 0.0833333333333 ;
     ( "1" "0" ) 0.923076923077 0.0769230769231 ;
     ( "0" "0" ) 0.977777777778 0.0222222222222 ;
     ( "1" "1" ) 0.0357142857143 0.964285714286 ;
    }

variable "x3" {
   type discrete[2] { "0" "1" }
    }
probability ( "x3" | "x2" "x7" ) {
     default 0.5 0.5 ;
     ( "0" "1" ) 0.981132075472 0.0188679245283 ;
     ( "1" "0" ) 0.966666666667 0.0333333333333 ;
     ( "0" "0" ) 0.0769230769231 0.923076923077 ;
    }

variable "x4" {
   type discrete[2] { "0" "1" }
    }
probability ( "x4" | "x10" "x8" ) {
     default 0.5 0.5 ;
     ( "0" "1" ) 0.97619047619 0.0238095238095 ;
     ( "0" "0" ) 0.0666666666667 0.933333333333 ;
     ( "1" "1" ) 0.025641025641 0.974358974359 ;
    }

variable "x5" {
   type discrete[2] { "0" "1" }
    }
probability ( "x5" | "x5" "x9" ) {
     default 0.5 0.5 ;
     ( "0" "1" ) 0.0357142857143 0.964285714286 ;
     ( "1" "0" ) 0.0588235294118 0.941176470588 ;
     ( "0" "0" ) 0.0833333333333 0.916666666667 ;
     ( "1" "1" ) 0.975609756098 0.0243902439024 ;
    }

variable "x6" {
   type discrete[2] { "0" "1" }
    }
probability ( "x6" | "x5" "x9" ) {
     default 0.5 0.5 ;
     ( "0" "1" ) 0.964285714286 0.0357142857143 ;
     ( "1" "0" ) 0.941176470588 0.0588235294118 ;
     ( "0" "0" ) 0.916666666667 0.0833333333333 ;
     ( "1" "1" ) 0.0243902439024 0.975609756098 ;
    }

variable "x7" {
   type discrete[2] { "0" "1" }
    }
probability ( "x7" | "x10" ) {
     default 0.5 0.5 ;
     ( "0" ) 0.0181818181818 0.981818181818 ;
     ( "1" ) 0.974358974359 0.025641025641 ;
    }

variable "x8" {
   type discrete[2] { "0" "1" }
    }
probability ( "x8" | "x2" "x7" ) {
     default 0.5 0.5 ;
     ( "0" "1" ) 0.0188679245283 0.981132075472 ;
     ( "1" "0" ) 0.0333333333333 0.966666666667 ;
     ( "0" "0" ) 0.923076923077 0.0769230769231 ;
    }

variable "x9" {
   type discrete[2] { "0" "1" }
    }
probability ( "x9" | "x3" "x4" "x6" ) {
     default 0.5 0.5 ;
     ( "0" "1" "1" ) 0.0434782608696 0.95652173913 ;
     ( "0" "1" "0" ) 0.0588235294118 0.941176470588 ;
     ( "0" "0" "0" ) 0.0357142857143 0.964285714286 ;
     ( "0" "0" "1" ) 0.941176470588 0.0588235294118 ;
     ( "1" "1" "0" ) 0.933333333333 0.0666666666667 ;
    }

