\\ File generated by BNfinder
\\ 01/20/26 17:56:48
\\ Network graph learned with MDL scoring function from expression data file 'trajectories/10d_004/10d_004_sync_f1_s10_l50_at1.0.txt'
\\ Conditional probability distributions generated with total pseudocounts number 1.000000

network "BNProject" {}

variable "x1" {
   type discrete[2] { "0" "1" }
    }
probability ( "x1" | "x5" ) {
     default 0.5 0.5 ;
     ( "0" ) 0.994285714286 0.00571428571429 ;
     ( "1" ) 0.00626959247649 0.993730407524 ;
    }

variable "x10" {
   type discrete[2] { "0" "1" }
    }
probability ( "x10" | "x2" "x5" "x9" ) {
     default 0.5 0.5 ;
     ( "1" "1" "0" ) 0.993197278912 0.00680272108844 ;
     ( "0" "1" "1" ) 0.00625 0.99375 ;
     ( "1" "0" "0" ) 0.666666666667 0.333333333333 ;
     ( "0" "0" "1" ) 0.993670886076 0.00632911392405 ;
     ( "1" "0" "1" ) 0.833333333333 0.166666666667 ;
     ( "0" "0" "0" ) 0.0714285714286 0.928571428571 ;
     ( "1" "1" "1" ) 0.933333333333 0.0666666666667 ;
     ( "0" "1" "0" ) 0.666666666667 0.333333333333 ;
    }

variable "x2" {
   type discrete[2] { "0" "1" }
    }
probability ( "x2" | "x10" "x5" ) {
     default 0.5 0.5 ;
     ( "0" "1" ) 0.996732026144 0.00326797385621 ;
     ( "1" "0" ) 0.00632911392405 0.993670886076 ;
     ( "0" "0" ) 0.947368421053 0.0526315789474 ;
     ( "1" "1" ) 0.933333333333 0.0666666666667 ;
    }

variable "x3" {
   type discrete[2] { "0" "1" }
    }
probability ( "x3" | "x10" "x4" ) {
     default 0.5 0.5 ;
     ( "0" "1" ) 0.994318181818 0.00568181818182 ;
     ( "1" "0" ) 0.993710691824 0.0062893081761 ;
     ( "0" "0" ) 0.993288590604 0.00671140939597 ;
     ( "1" "1" ) 0.0714285714286 0.928571428571 ;
    }

variable "x4" {
   type discrete[2] { "0" "1" }
    }
probability ( "x4" | "x10" "x3" ) {
     default 0.5 0.5 ;
     ( "0" "1" ) 0.117647058824 0.882352941176 ;
     ( "1" "0" ) 0.00588235294118 0.994117647059 ;
     ( "0" "0" ) 0.996753246753 0.00324675324675 ;
     ( "1" "1" ) 0.666666666667 0.333333333333 ;
    }

variable "x5" {
   type discrete[2] { "0" "1" }
    }
probability ( "x5" | "x5" "x9" ) {
     default 0.5 0.5 ;
     ( "0" "1" ) 0.00617283950617 0.993827160494 ;
     ( "1" "0" ) 0.00675675675676 0.993243243243 ;
     ( "0" "0" ) 0.0666666666667 0.933333333333 ;
     ( "1" "1" ) 0.994219653179 0.00578034682081 ;
    }

variable "x6" {
   type discrete[2] { "0" "1" }
    }
probability ( "x6" | "x5" "x9" ) {
     default 0.5 0.5 ;
     ( "0" "1" ) 0.993827160494 0.00617283950617 ;
     ( "1" "0" ) 0.993243243243 0.00675675675676 ;
     ( "0" "0" ) 0.933333333333 0.0666666666667 ;
     ( "1" "1" ) 0.00578034682081 0.994219653179 ;
    }

variable "x7" {
   type discrete[2] { "0" "1" }
    }
probability ( "x7" | "x10" ) {
     default 0.5 0.5 ;
     ( "0" ) 0.0030959752322 0.996904024768 ;
     ( "1" ) 0.988304093567 0.0116959064327 ;
    }

variable "x8" {
   type discrete[2] { "0" "1" }
    }
probability ( "x8" | "x1" "x7" ) {
     default 0.5 0.5 ;
     ( "0" "1" ) 0.0434782608696 0.95652173913 ;
     ( "1" "0" ) 0.933333333333 0.0666666666667 ;
     ( "0" "0" ) 0.00625 0.99375 ;
     ( "1" "1" ) 0.00333333333333 0.996666666667 ;
    }

variable "x9" {
   type discrete[2] { "0" "1" }
    }
probability ( "x9" | "x4" "x5" "x8" ) {
     default 0.5 0.5 ;
     ( "0" "1" "1" ) 0.00625 0.99375 ;
     ( "1" "1" "0" ) 0.933333333333 0.0666666666667 ;
     ( "1" "0" "0" ) 0.2 0.8 ;
     ( "0" "0" "1" ) 0.993150684932 0.00684931506849 ;
     ( "1" "0" "1" ) 0.037037037037 0.962962962963 ;
     ( "0" "0" "0" ) 0.333333333333 0.666666666667 ;
     ( "1" "1" "1" ) 0.00680272108844 0.993197278912 ;
     ( "0" "1" "0" ) 0.333333333333 0.666666666667 ;
    }

