\\ File generated by BNfinder
\\ 01/20/26 17:56:12
\\ Network graph learned with MDL scoring function from expression data file 'trajectories/10d_004/10d_004_sync_f1_s300_l10_at0.9.txt'
\\ Conditional probability distributions generated with total pseudocounts number 1.000000

network "BNProject" {}

variable "x1" {
   type discrete[2] { "0" "1" }
    }
probability ( "x1" | "x5" ) {
     default 0.5 0.5 ;
     ( "0" ) 0.999091734787 0.000908265213442 ;
     ( "1" ) 0.000623830318153 0.999376169682 ;
    }

variable "x10" {
   type discrete[2] { "0" "1" }
    }
probability ( "x10" | "x2" "x5" "x9" ) {
     default 0.5 0.5 ;
     ( "0" "1" "1" ) 0.0012285012285 0.998771498771 ;
     ( "1" "1" "0" ) 0.998003992016 0.00199600798403 ;
     ( "1" "0" "0" ) 0.025641025641 0.974358974359 ;
     ( "0" "0" "1" ) 0.998776009792 0.00122399020808 ;
     ( "0" "0" "0" ) 0.00401606425703 0.995983935743 ;
     ( "1" "1" "1" ) 0.995918367347 0.00408163265306 ;
     ( "0" "1" "0" ) 0.979591836735 0.0204081632653 ;
    }

variable "x2" {
   type discrete[2] { "0" "1" }
    }
probability ( "x2" | "x10" "x5" ) {
     default 0.5 0.5 ;
     ( "0" "1" ) 0.999229583975 0.000770416024653 ;
     ( "1" "0" ) 0.00122399020808 0.998776009792 ;
     ( "0" "0" ) 0.996503496503 0.0034965034965 ;
     ( "1" "1" ) 0.99674267101 0.00325732899023 ;
    }

variable "x3" {
   type discrete[2] { "0" "1" }
    }
probability ( "x3" | "x10" "x7" ) {
     default 0.5 0.5 ;
     ( "0" "1" ) 0.998843930636 0.00115606936416 ;
     ( "1" "0" ) 0.00369003690037 0.9963099631 ;
     ( "0" "0" ) 0.998609179416 0.00139082058414 ;
     ( "1" "1" ) 0.998827667057 0.00117233294256 ;
    }

variable "x4" {
   type discrete[2] { "0" "1" }
    }
probability ( "x4" | "x10" "x3" "x5" ) {
     default 0.5 0.5 ;
     ( "0" "1" "1" ) 0.00408163265306 0.995918367347 ;
     ( "1" "0" "0" ) 0.00122399020808 0.998776009792 ;
     ( "0" "0" "1" ) 0.999052132701 0.000947867298578 ;
     ( "1" "0" "1" ) 0.00373134328358 0.996268656716 ;
     ( "0" "0" "0" ) 0.996296296296 0.0037037037037 ;
     ( "1" "1" "1" ) 0.975609756098 0.0243902439024 ;
     ( "0" "1" "0" ) 0.944444444444 0.0555555555556 ;
    }

variable "x5" {
   type discrete[2] { "0" "1" }
    }
probability ( "x5" | "x5" "x9" ) {
     default 0.5 0.5 ;
     ( "0" "1" ) 0.00122399020808 0.998776009792 ;
     ( "1" "0" ) 0.00182481751825 0.998175182482 ;
     ( "0" "0" ) 0.0034965034965 0.996503496503 ;
     ( "1" "1" ) 0.999053926206 0.000946073793756 ;
    }

variable "x6" {
   type discrete[2] { "0" "1" }
    }
probability ( "x6" | "x5" "x9" ) {
     default 0.5 0.5 ;
     ( "0" "1" ) 0.998776009792 0.00122399020808 ;
     ( "1" "0" ) 0.998175182482 0.00182481751825 ;
     ( "0" "0" ) 0.996503496503 0.0034965034965 ;
     ( "1" "1" ) 0.000946073793756 0.999053926206 ;
    }

variable "x7" {
   type discrete[2] { "0" "1" }
    }
probability ( "x7" | "x10" "x3" ) {
     default 0.5 0.5 ;
     ( "0" "1" ) 0.00383141762452 0.996168582375 ;
     ( "1" "0" ) 0.999076638966 0.000923361034164 ;
     ( "0" "0" ) 0.000755857898715 0.999244142101 ;
     ( "1" "1" ) 0.0243902439024 0.975609756098 ;
    }

variable "x8" {
   type discrete[2] { "0" "1" }
    }
probability ( "x8" | "x10" "x7" ) {
     default 0.5 0.5 ;
     ( "0" "1" ) 0.00115606936416 0.998843930636 ;
     ( "1" "0" ) 0.9963099631 0.00369003690037 ;
     ( "0" "0" ) 0.00139082058414 0.998609179416 ;
     ( "1" "1" ) 0.00117233294256 0.998827667057 ;
    }

variable "x9" {
   type discrete[2] { "0" "1" }
    }
probability ( "x9" | "x4" "x5" "x8" ) {
     default 0.5 0.5 ;
     ( "0" "1" "1" ) 0.00127226463104 0.998727735369 ;
     ( "1" "1" "0" ) 0.995918367347 0.00408163265306 ;
     ( "1" "0" "0" ) 0.0333333333333 0.966666666667 ;
     ( "0" "0" "1" ) 0.998175182482 0.00182481751825 ;
     ( "1" "0" "1" ) 0.00202839756592 0.997971602434 ;
     ( "0" "0" "0" ) 0.0277777777778 0.972222222222 ;
     ( "0" "1" "0" ) 0.013698630137 0.986301369863 ;
     ( "1" "1" "1" ) 0.0019801980198 0.99801980198 ;
    }

