\\ File generated by BNfinder
\\ 01/20/26 15:57:50
\\ Network graph learned with MDL scoring function from expression data file 'trajectories/5d_001/5d_001_sync_f1_s300_l10_at0.5.txt'
\\ Conditional probability distributions generated with total pseudocounts number 1.000000

network "BNProject" {}

variable "x1" {
   type discrete[2] { "0" "1" }
    }
probability ( "x1" | "x2" ) {
     default 0.5 0.5 ;
     ( "0" ) 0.996688741722 0.00331125827815 ;
     ( "1" ) 0.000416319733555 0.999583680266 ;
    }

variable "x2" {
   type discrete[2] { "0" "1" }
    }
probability ( "x2" | "x1" "x4" ) {
     default 0.5 0.5 ;
     ( "0" "1" ) 0.983333333333 0.0166666666667 ;
     ( "1" "0" ) 0.995901639344 0.00409836065574 ;
     ( "0" "0" ) 0.00331125827815 0.996688741722 ;
     ( "1" "1" ) 0.000475737392959 0.999524262607 ;
    }

variable "x3" {
   type discrete[2] { "0" "1" }
    }
probability ( "x3" | "x1" "x4" ) {
     default 0.5 0.5 ;
     ( "0" "1" ) 0.0166666666667 0.983333333333 ;
     ( "1" "0" ) 0.00409836065574 0.995901639344 ;
     ( "0" "0" ) 0.00331125827815 0.996688741722 ;
     ( "1" "1" ) 0.999524262607 0.000475737392959 ;
    }

variable "x4" {
   type discrete[2] { "0" "1" }
    }
probability ( "x4" | "x2" ) {
     default 0.5 0.5 ;
     ( "0" ) 0.996688741722 0.00331125827815 ;
     ( "1" ) 0.000416319733555 0.999583680266 ;
    }

variable "x5" {
   type discrete[2] { "0" "1" }
    }
probability ( "x5" | "x1" "x3" ) {
     default 0.5 0.5 ;
     ( "1" "0" ) 0.000616142945163 0.999383857055 ;
     ( "0" "0" ) 0.997222222222 0.00277777777778 ;
     ( "1" "1" ) 0.998616874136 0.00138312586445 ;
    }

