\\ File generated by BNfinder
\\ 01/20/26 15:57:39
\\ Network graph learned with MDL scoring function from expression data file 'trajectories/5d_001/5d_001_sync_f1_s300_l10_at0.8.txt'
\\ Conditional probability distributions generated with total pseudocounts number 1.000000

network "BNProject" {}

variable "x1" {
   type discrete[2] { "0" "1" }
    }
probability ( "x1" | "x2" ) {
     default 0.5 0.5 ;
     ( "0" ) 0.998876404494 0.00112359550562 ;
     ( "1" ) 0.000551267916207 0.999448732084 ;
    }

variable "x2" {
   type discrete[2] { "0" "1" }
    }
probability ( "x2" | "x1" "x2" ) {
     default 0.5 0.5 ;
     ( "0" "1" ) 0.997757847534 0.00224215246637 ;
     ( "1" "0" ) 0.997757847534 0.00224215246637 ;
     ( "0" "0" ) 0.00224215246637 0.997757847534 ;
     ( "1" "1" ) 0.000729927007299 0.999270072993 ;
    }

variable "x3" {
   type discrete[2] { "0" "1" }
    }
probability ( "x3" | "x1" "x2" ) {
     default 0.5 0.5 ;
     ( "0" "1" ) 0.00224215246637 0.997757847534 ;
     ( "1" "0" ) 0.00224215246637 0.997757847534 ;
     ( "0" "0" ) 0.00224215246637 0.997757847534 ;
     ( "1" "1" ) 0.999270072993 0.000729927007299 ;
    }

variable "x4" {
   type discrete[2] { "0" "1" }
    }
probability ( "x4" | "x1" "x2" "x3" ) {
     default 0.5 0.5 ;
     ( "1" "1" "0" ) 0.000821018062397 0.999178981938 ;
     ( "0" "1" "1" ) 0.997757847534 0.00224215246637 ;
     ( "1" "0" "0" ) 0.00666666666667 0.993333333333 ;
     ( "0" "0" "1" ) 0.00224215246637 0.997757847534 ;
     ( "1" "0" "1" ) 0.996644295302 0.00335570469799 ;
     ( "1" "1" "1" ) 0.00649350649351 0.993506493506 ;
    }

variable "x5" {
   type discrete[2] { "0" "1" }
    }
probability ( "x5" | "x3" ) {
     default 0.5 0.5 ;
     ( "0" ) 0.000732064421669 0.999267935578 ;
     ( "1" ) 0.999252615845 0.000747384155456 ;
    }

