\\ File generated by BNfinder
\\ 01/20/26 15:57:45
\\ Network graph learned with MDL scoring function from expression data file 'trajectories/5d_001/5d_001_sync_f1_s100_l10_at0.5.txt'
\\ Conditional probability distributions generated with total pseudocounts number 1.000000

network "BNProject" {}

variable "x1" {
   type discrete[2] { "0" "1" }
    }
probability ( "x1" | "x2" ) {
     default 0.5 0.5 ;
     ( "0" ) 0.990196078431 0.00980392156863 ;
     ( "1" ) 0.00124688279302 0.998753117207 ;
    }

variable "x2" {
   type discrete[2] { "0" "1" }
    }
probability ( "x2" | "x1" "x4" ) {
     default 0.5 0.5 ;
     ( "0" "1" ) 0.941176470588 0.0588235294118 ;
     ( "1" "0" ) 0.988505747126 0.0114942528736 ;
     ( "0" "0" ) 0.00980392156863 0.990196078431 ;
     ( "1" "1" ) 0.0014245014245 0.998575498575 ;
    }

variable "x3" {
   type discrete[2] { "0" "1" }
    }
probability ( "x3" | "x1" "x4" ) {
     default 0.5 0.5 ;
     ( "0" "1" ) 0.0588235294118 0.941176470588 ;
     ( "1" "0" ) 0.0114942528736 0.988505747126 ;
     ( "0" "0" ) 0.00980392156863 0.990196078431 ;
     ( "1" "1" ) 0.998575498575 0.0014245014245 ;
    }

variable "x4" {
   type discrete[2] { "0" "1" }
    }
probability ( "x4" | "x2" ) {
     default 0.5 0.5 ;
     ( "0" ) 0.990196078431 0.00980392156863 ;
     ( "1" ) 0.00124688279302 0.998753117207 ;
    }

variable "x5" {
   type discrete[2] { "0" "1" }
    }
probability ( "x5" | "x1" "x3" ) {
     default 0.5 0.5 ;
     ( "1" "0" ) 0.00184162062615 0.998158379374 ;
     ( "0" "0" ) 0.991452991453 0.00854700854701 ;
     ( "1" "1" ) 0.99593495935 0.00406504065041 ;
    }

