\\ File generated by BNfinder
\\ 01/20/26 15:58:11
\\ Network graph learned with MDL scoring function from expression data file 'trajectories/5d_001/5d_001_sync_f10_s10_l50_at1.0.txt'
\\ Conditional probability distributions generated with total pseudocounts number 1.000000

network "BNProject" {}

variable "x1" {
   type discrete[2] { "0" "1" }
    }
probability ( "x1" | "x2" ) {
     default 0.5 0.5 ;
     ( "0" ) 0.994011976048 0.0059880239521 ;
     ( "1" ) 0.00305810397554 0.996941896024 ;
    }

variable "x2" {
   type discrete[2] { "0" "1" }
    }
probability ( "x2" | "x1" "x4" ) {
     default 0.5 0.5 ;
     ( "0" "1" ) 0.964285714286 0.0357142857143 ;
     ( "1" "0" ) 0.988235294118 0.0117647058824 ;
     ( "0" "0" ) 0.0116279069767 0.988372093023 ;
     ( "1" "1" ) 0.00411522633745 0.995884773663 ;
    }

variable "x3" {
   type discrete[2] { "0" "1" }
    }
probability ( "x3" | "x3" "x5" ) {
     default 0.5 0.5 ;
     ( "0" "1" ) 0.995901639344 0.00409836065574 ;
     ( "1" "0" ) 0.00409836065574 0.995901639344 ;
     ( "0" "0" ) 0.428571428571 0.571428571429 ;
     ( "1" "1" ) 0.666666666667 0.333333333333 ;
    }

variable "x4" {
   type discrete[2] { "0" "1" }
    }
probability ( "x4" | "x1" "x4" ) {
     default 0.5 0.5 ;
     ( "0" "1" ) 0.964285714286 0.0357142857143 ;
     ( "1" "0" ) 0.988235294118 0.0117647058824 ;
     ( "0" "0" ) 0.0116279069767 0.988372093023 ;
     ( "1" "1" ) 0.00411522633745 0.995884773663 ;
    }

variable "x5" {
   type discrete[2] { "0" "1" }
    }
probability ( "x5" | "x3" "x5" ) {
     default 0.5 0.5 ;
     ( "0" "1" ) 0.00409836065574 0.995901639344 ;
     ( "1" "0" ) 0.995901639344 0.00409836065574 ;
     ( "0" "0" ) 0.571428571429 0.428571428571 ;
     ( "1" "1" ) 0.333333333333 0.666666666667 ;
    }

