\\ File generated by BNfinder
\\ 01/20/26 15:57:28
\\ Network graph learned with MDL scoring function from expression data file 'trajectories/5d_001/5d_001_sync_f1_s10_l10_at0.8.txt'
\\ Conditional probability distributions generated with total pseudocounts number 1.000000

network "BNProject" {}

variable "x1" {
   type discrete[2] { "0" "1" }
    }
probability ( "x1" | "x2" ) {
     default 0.5 0.5 ;
     ( "0" ) 0.95 0.05 ;
     ( "1" ) 0.0135135135135 0.986486486486 ;
    }

variable "x2" {
   type discrete[2] { "0" "1" }
    }
probability ( "x2" | "x1" "x2" ) {
     default 0.5 0.5 ;
     ( "0" "1" ) 0.909090909091 0.0909090909091 ;
     ( "1" "0" ) 0.909090909091 0.0909090909091 ;
     ( "0" "0" ) 0.0909090909091 0.909090909091 ;
     ( "1" "1" ) 0.0153846153846 0.984615384615 ;
    }

variable "x3" {
   type discrete[2] { "0" "1" }
    }
probability ( "x3" | "x1" "x2" ) {
     default 0.5 0.5 ;
     ( "0" "1" ) 0.0909090909091 0.909090909091 ;
     ( "1" "0" ) 0.0909090909091 0.909090909091 ;
     ( "0" "0" ) 0.0909090909091 0.909090909091 ;
     ( "1" "1" ) 0.984615384615 0.0153846153846 ;
    }

variable "x4" {
   type discrete[2] { "0" "1" }
    }
probability ( "x4" | "x1" "x2" ) {
     default 0.5 0.5 ;
     ( "0" "1" ) 0.909090909091 0.0909090909091 ;
     ( "1" "0" ) 0.636363636364 0.363636363636 ;
     ( "0" "0" ) 0.0909090909091 0.909090909091 ;
     ( "1" "1" ) 0.0153846153846 0.984615384615 ;
    }

variable "x5" {
   type discrete[2] { "0" "1" }
    }
probability ( "x5" | "x3" ) {
     default 0.5 0.5 ;
     ( "0" ) 0.016393442623 0.983606557377 ;
     ( "1" ) 0.969696969697 0.030303030303 ;
    }

