\\ File generated by BNfinder
\\ 01/20/26 17:17:37
\\ Network graph learned with BDE scoring function from expression data file 'trajectories/10d_002/10d_002_sync_f10_s10_l50_at1.0.txt'
\\ Conditional probability distributions generated with total pseudocounts number 1.000000

network "BNProject" {}

variable "x1" {
   type discrete[2] { "0" "1" }
    }
probability ( "x1" | "x1" ) {
     default 0.5 0.5 ;
     ( "0" ) 0.997711670481 0.00228832951945 ;
     ( "1" ) 0.122807017544 0.877192982456 ;
    }

variable "x10" {
   type discrete[2] { "0" "1" }
    }
probability ( "x10" | "x1" "x10" ) {
     default 0.5 0.5 ;
     ( "0" "1" ) 0.995454545455 0.00454545454545 ;
     ( "1" "0" ) 0.981132075472 0.0188679245283 ;
     ( "0" "0" ) 0.00456621004566 0.995433789954 ;
     ( "1" "1" ) 0.833333333333 0.166666666667 ;
    }

variable "x2" {
   type discrete[2] { "0" "1" }
    }
probability ( "x2" | "x5" "x8" ) {
     default 0.5 0.5 ;
     ( "0" "1" ) 0.333333333333 0.666666666667 ;
     ( "1" "0" ) 0.986394557823 0.0136054421769 ;
     ( "0" "0" ) 0.00444444444444 0.995555555556 ;
     ( "1" "1" ) 0.00813008130081 0.991869918699 ;
    }

variable "x3" {
   type discrete[2] { "0" "1" }
    }
probability ( "x3" | "x6" "x7" "x9" ) {
     default 0.5 0.5 ;
     ( "1" "1" "0" ) 0.0115606936416 0.988439306358 ;
     ( "0" "1" "1" ) 0.5 0.5 ;
     ( "1" "0" "0" ) 0.995412844037 0.0045871559633 ;
     ( "0" "0" "1" ) 0.666666666667 0.333333333333 ;
     ( "1" "0" "1" ) 0.01 0.99 ;
     ( "0" "0" "0" ) 0.333333333333 0.666666666667 ;
     ( "0" "1" "0" ) 0.666666666667 0.333333333333 ;
    }

variable "x4" {
   type discrete[2] { "0" "1" }
    }
probability ( "x4" | "x2" "x7" "x9" ) {
     default 0.5 0.5 ;
     ( "1" "1" "0" ) 0.994152046784 0.00584795321637 ;
     ( "1" "0" "0" ) 0.02 0.98 ;
     ( "0" "0" "1" ) 0.0740740740741 0.925925925926 ;
     ( "1" "0" "1" ) 0.986842105263 0.0131578947368 ;
     ( "0" "0" "0" ) 0.99173553719 0.00826446280992 ;
     ( "0" "1" "0" ) 0.8 0.2 ;
     ( "1" "1" "1" ) 0.75 0.25 ;
    }

variable "x5" {
   type discrete[2] { "0" "1" }
    }
probability ( "x5" | "x1" "x10" ) {
     default 0.5 0.5 ;
     ( "0" "1" ) 0.00454545454545 0.995454545455 ;
     ( "1" "0" ) 0.0188679245283 0.981132075472 ;
     ( "0" "0" ) 0.995433789954 0.00456621004566 ;
     ( "1" "1" ) 0.166666666667 0.833333333333 ;
    }

variable "x6" {
   type discrete[2] { "0" "1" }
    }
probability ( "x6" ) {
     table 0.0020325203252 0.997967479675 ;
    }

variable "x7" {
   type discrete[2] { "0" "1" }
    }
probability ( "x7" | "x1" "x5" "x9" ) {
     default 0.5 0.5 ;
     ( "1" "1" "0" ) 0.0384615384615 0.961538461538 ;
     ( "1" "0" "0" ) 0.75 0.25 ;
     ( "0" "0" "1" ) 0.98 0.02 ;
     ( "1" "0" "1" ) 0.4 0.6 ;
     ( "0" "0" "0" ) 0.00813008130081 0.991869918699 ;
     ( "0" "1" "0" ) 0.995412844037 0.0045871559633 ;
    }

variable "x8" {
   type discrete[2] { "0" "1" }
    }
probability ( "x8" | "x1" "x10" "x2" ) {
     default 0.5 0.5 ;
     ( "1" "1" "0" ) 0.666666666667 0.333333333333 ;
     ( "0" "1" "1" ) 0.0394736842105 0.960526315789 ;
     ( "1" "0" "0" ) 0.25 0.75 ;
     ( "0" "0" "1" ) 0.995433789954 0.00456621004566 ;
     ( "1" "0" "1" ) 0.0196078431373 0.980392156863 ;
     ( "0" "1" "0" ) 0.993150684932 0.00684931506849 ;
     ( "1" "1" "1" ) 0.6 0.4 ;
    }

variable "x9" {
   type discrete[2] { "0" "1" }
    }
probability ( "x9" | "x5" "x7" ) {
     default 0.5 0.5 ;
     ( "0" "1" ) 0.833333333333 0.166666666667 ;
     ( "1" "0" ) 0.0102040816327 0.989795918367 ;
     ( "0" "0" ) 0.995495495495 0.0045045045045 ;
     ( "1" "1" ) 0.994186046512 0.00581395348837 ;
    }

