\\ File generated by BNfinder
\\ 01/20/26 16:47:57
\\ Network graph learned with BDE scoring function from expression data file 'trajectories/10d_000/10d_000_sync_f10_s1_l100_at1.0.txt'
\\ Conditional probability distributions generated with total pseudocounts number 1.000000

network "BNProject" {}

variable "x1" {
   type discrete[2] { "0" "1" }
    }
probability ( "x1" | "x2" "x4" ) {
     default 0.5 0.5 ;
     ( "0" "1" ) 0.95 0.05 ;
     ( "1" "0" ) 0.98 0.02 ;
     ( "0" "0" ) 0.0285714285714 0.971428571429 ;
    }

variable "x10" {
   type discrete[2] { "0" "1" }
    }
probability ( "x10" | "x2" "x4" ) {
     default 0.5 0.5 ;
     ( "0" "1" ) 0.05 0.95 ;
     ( "1" "0" ) 0.02 0.98 ;
     ( "0" "0" ) 0.971428571429 0.0285714285714 ;
    }

variable "x2" {
   type discrete[2] { "0" "1" }
    }
probability ( "x2" | "x2" "x6" ) {
     default 0.5 0.5 ;
     ( "0" "1" ) 0.972222222222 0.0277777777778 ;
     ( "1" "0" ) 0.944444444444 0.0555555555556 ;
     ( "0" "0" ) 0.105263157895 0.894736842105 ;
     ( "1" "1" ) 0.0294117647059 0.970588235294 ;
    }

variable "x3" {
   type discrete[2] { "0" "1" }
    }
probability ( "x3" | "x1" ) {
     default 0.5 0.5 ;
     ( "0" ) 0.0147058823529 0.985294117647 ;
     ( "1" ) 0.971428571429 0.0285714285714 ;
    }

variable "x4" {
   type discrete[2] { "0" "1" }
    }
probability ( "x4" | "x1" "x5" ) {
     default 0.5 0.5 ;
     ( "0" "1" ) 0.980392156863 0.0196078431373 ;
     ( "1" "0" ) 0.971428571429 0.0285714285714 ;
     ( "0" "0" ) 0.0526315789474 0.947368421053 ;
    }

variable "x5" {
   type discrete[2] { "0" "1" }
    }
probability ( "x5" | "x5" "x8" ) {
     default 0.5 0.5 ;
     ( "0" "1" ) 0.947368421053 0.0526315789474 ;
     ( "1" "0" ) 0.970588235294 0.0294117647059 ;
     ( "0" "0" ) 0.0285714285714 0.971428571429 ;
     ( "1" "1" ) 0.105263157895 0.894736842105 ;
    }

variable "x6" {
   type discrete[2] { "0" "1" }
    }
probability ( "x6" | "x5" "x6" "x9" ) {
     default 0.5 0.5 ;
     ( "0" "1" "1" ) 0.0285714285714 0.971428571429 ;
     ( "0" "1" "0" ) 0.947368421053 0.0526315789474 ;
     ( "1" "1" "1" ) 0.944444444444 0.0555555555556 ;
     ( "1" "0" "1" ) 0.0285714285714 0.971428571429 ;
    }

variable "x7" {
   type discrete[2] { "0" "1" }
    }
probability ( "x7" | "x3" "x9" ) {
     default 0.5 0.5 ;
     ( "0" "1" ) 0.0294117647059 0.970588235294 ;
     ( "1" "0" ) 0.0526315789474 0.947368421053 ;
     ( "1" "1" ) 0.980769230769 0.0192307692308 ;
    }

variable "x8" {
   type discrete[2] { "0" "1" }
    }
probability ( "x8" | "x3" "x7" ) {
     default 0.5 0.5 ;
     ( "0" "1" ) 0.944444444444 0.0555555555556 ;
     ( "1" "0" ) 0.972222222222 0.0277777777778 ;
     ( "0" "0" ) 0.944444444444 0.0555555555556 ;
     ( "1" "1" ) 0.0285714285714 0.971428571429 ;
    }

variable "x9" {
   type discrete[2] { "0" "1" }
    }
probability ( "x9" | "x1" "x5" ) {
     default 0.5 0.5 ;
     ( "0" "1" ) 0.0196078431373 0.980392156863 ;
     ( "1" "0" ) 0.0285714285714 0.971428571429 ;
     ( "0" "0" ) 0.947368421053 0.0526315789474 ;
    }

