\\ File generated by BNfinder
\\ 01/20/26 16:48:59
\\ Network graph learned with MDL scoring function from expression data file 'trajectories/10d_000/10d_000_sync_f10_s1_l500_at1.0.txt'
\\ Conditional probability distributions generated with total pseudocounts number 1.000000

network "BNProject" {}

variable "x1" {
   type discrete[2] { "0" "1" }
    }
probability ( "x1" | "x1" "x2" ) {
     default 0.5 0.5 ;
     ( "0" "1" ) 0.994082840237 0.00591715976331 ;
     ( "1" "0" ) 0.988235294118 0.0117647058824 ;
     ( "0" "0" ) 0.00595238095238 0.994047619048 ;
     ( "1" "1" ) 0.988235294118 0.0117647058824 ;
    }

variable "x10" {
   type discrete[2] { "0" "1" }
    }
probability ( "x10" | "x1" "x2" ) {
     default 0.5 0.5 ;
     ( "0" "1" ) 0.00591715976331 0.994082840237 ;
     ( "1" "0" ) 0.0117647058824 0.988235294118 ;
     ( "0" "0" ) 0.994047619048 0.00595238095238 ;
     ( "1" "1" ) 0.0117647058824 0.988235294118 ;
    }

variable "x2" {
   type discrete[2] { "0" "1" }
    }
probability ( "x2" | "x2" "x6" ) {
     default 0.5 0.5 ;
     ( "0" "1" ) 0.994047619048 0.00595238095238 ;
     ( "1" "0" ) 0.988372093023 0.0116279069767 ;
     ( "0" "0" ) 0.0117647058824 0.988235294118 ;
     ( "1" "1" ) 0.00595238095238 0.994047619048 ;
    }

variable "x3" {
   type discrete[2] { "0" "1" }
    }
probability ( "x3" | "x1" ) {
     default 0.5 0.5 ;
     ( "0" ) 0.00298507462687 0.997014925373 ;
     ( "1" ) 0.994047619048 0.00595238095238 ;
    }

variable "x4" {
   type discrete[2] { "0" "1" }
    }
probability ( "x4" | "x10" "x5" ) {
     default 0.5 0.5 ;
     ( "1" "0" ) 0.0117647058824 0.988235294118 ;
     ( "0" "0" ) 0.994082840237 0.00591715976331 ;
     ( "1" "1" ) 0.996015936255 0.00398406374502 ;
    }

variable "x5" {
   type discrete[2] { "0" "1" }
    }
probability ( "x5" | "x5" "x8" ) {
     default 0.5 0.5 ;
     ( "0" "1" ) 0.988372093023 0.0116279069767 ;
     ( "1" "0" ) 0.994047619048 0.00595238095238 ;
     ( "0" "0" ) 0.00595238095238 0.994047619048 ;
     ( "1" "1" ) 0.0117647058824 0.988235294118 ;
    }

variable "x6" {
   type discrete[2] { "0" "1" }
    }
probability ( "x6" | "x1" "x2" "x3" ) {
     default 0.5 0.5 ;
     ( "0" "1" "1" ) 0.0116279069767 0.988372093023 ;
     ( "0" "0" "1" ) 0.0117647058824 0.988235294118 ;
     ( "1" "0" "1" ) 0.988235294118 0.0117647058824 ;
     ( "0" "0" "0" ) 0.0117647058824 0.988235294118 ;
     ( "1" "1" "1" ) 0.0117647058824 0.988235294118 ;
     ( "0" "1" "0" ) 0.988235294118 0.0117647058824 ;
    }

variable "x7" {
   type discrete[2] { "0" "1" }
    }
probability ( "x7" | "x3" "x9" ) {
     default 0.5 0.5 ;
     ( "0" "1" ) 0.00595238095238 0.994047619048 ;
     ( "1" "0" ) 0.0117647058824 0.988235294118 ;
     ( "1" "1" ) 0.996031746032 0.00396825396825 ;
    }

variable "x8" {
   type discrete[2] { "0" "1" }
    }
probability ( "x8" | "x2" "x3" ) {
     default 0.5 0.5 ;
     ( "0" "1" ) 0.994047619048 0.00595238095238 ;
     ( "1" "0" ) 0.988235294118 0.0117647058824 ;
     ( "0" "0" ) 0.988235294118 0.0117647058824 ;
     ( "1" "1" ) 0.00591715976331 0.994082840237 ;
    }

variable "x9" {
   type discrete[2] { "0" "1" }
    }
probability ( "x9" | "x10" "x5" ) {
     default 0.5 0.5 ;
     ( "1" "0" ) 0.988235294118 0.0117647058824 ;
     ( "0" "0" ) 0.00591715976331 0.994082840237 ;
     ( "1" "1" ) 0.00398406374502 0.996015936255 ;
    }

