\\ File generated by BNfinder
\\ 01/20/26 16:33:40
\\ Network graph learned with MDL scoring function from expression data file 'trajectories/7d_003/7d_003_async_f1_s100_l10_at0.9.txt'
\\ Conditional probability distributions generated with total pseudocounts number 1.000000

network "BNProject" {}

variable "x1" {
   type discrete[2] { "0" "1" }
    }
probability ( "x1" | "x1" "x6" ) {
     default 0.5 0.5 ;
     ( "0" "1" ) 0.47619047619 0.52380952381 ;
     ( "1" "0" ) 0.266666666667 0.733333333333 ;
     ( "0" "0" ) 0.998011928429 0.00198807157058 ;
     ( "1" "1" ) 0.00271002710027 0.9972899729 ;
    }

variable "x2" {
   type discrete[2] { "0" "1" }
    }
probability ( "x2" | "x2" "x5" ) {
     default 0.5 0.5 ;
     ( "0" "1" ) 0.997260273973 0.0027397260274 ;
     ( "1" "0" ) 0.909090909091 0.0909090909091 ;
     ( "0" "0" ) 0.99721448468 0.00278551532033 ;
     ( "1" "1" ) 0.00578034682081 0.994219653179 ;
    }

variable "x3" {
   type discrete[2] { "0" "1" }
    }
probability ( "x3" | "x3" "x4" ) {
     default 0.5 0.5 ;
     ( "0" "1" ) 0.992857142857 0.00714285714286 ;
     ( "1" "0" ) 0.00138312586445 0.998616874136 ;
     ( "0" "0" ) 0.142857142857 0.857142857143 ;
     ( "1" "1" ) 0.235294117647 0.764705882353 ;
    }

variable "x4" {
   type discrete[2] { "0" "1" }
    }
probability ( "x4" | "x3" "x4" ) {
     default 0.5 0.5 ;
     ( "0" "1" ) 0.00714285714286 0.992857142857 ;
     ( "1" "0" ) 0.998616874136 0.00138312586445 ;
     ( "0" "0" ) 0.857142857143 0.142857142857 ;
     ( "1" "1" ) 0.764705882353 0.235294117647 ;
    }

variable "x5" {
   type discrete[2] { "0" "1" }
    }
probability ( "x5" | "x5" "x7" ) {
     default 0.5 0.5 ;
     ( "0" "1" ) 0.833333333333 0.166666666667 ;
     ( "1" "0" ) 0.25 0.75 ;
     ( "0" "0" ) 0.997252747253 0.00274725274725 ;
     ( "1" "1" ) 0.00191570881226 0.998084291188 ;
    }

variable "x6" {
   type discrete[2] { "0" "1" }
    }
probability ( "x6" | "x1" "x6" ) {
     default 0.5 0.5 ;
     ( "0" "1" ) 0.47619047619 0.52380952381 ;
     ( "1" "0" ) 0.266666666667 0.733333333333 ;
     ( "0" "0" ) 0.998011928429 0.00198807157058 ;
     ( "1" "1" ) 0.00271002710027 0.9972899729 ;
    }

variable "x7" {
   type discrete[2] { "0" "1" }
    }
probability ( "x7" | "x5" "x7" ) {
     default 0.5 0.5 ;
     ( "0" "1" ) 0.833333333333 0.166666666667 ;
     ( "1" "0" ) 0.25 0.75 ;
     ( "0" "0" ) 0.997252747253 0.00274725274725 ;
     ( "1" "1" ) 0.00191570881226 0.998084291188 ;
    }

