\\ File generated by BNfinder
\\ 01/20/26 17:01:57
\\ Network graph learned with BDE scoring function from expression data file 'trajectories/10d_001/10d_001_sync_f5_s10_l500_at1.0.txt'
\\ Conditional probability distributions generated with total pseudocounts number 1.000000

network "BNProject" {}

variable "x1" {
   type discrete[2] { "0" "1" }
    }
probability ( "x1" | "x7" "x9" ) {
     default 0.5 0.5 ;
     ( "0" "1" ) 0.999427590155 0.000572409845449 ;
     ( "1" "0" ) 0.00398406374502 0.996015936255 ;
     ( "0" "0" ) 0.999000999001 0.000999000999001 ;
     ( "1" "1" ) 0.99942791762 0.000572082379863 ;
    }

variable "x10" {
   type discrete[2] { "0" "1" }
    }
probability ( "x10" | "x1" "x10" "x7" ) {
     default 0.5 0.5 ;
     ( "0" "1" "1" ) 0.002 0.998 ;
     ( "1" "1" "0" ) 0.00793650793651 0.992063492063 ;
     ( "1" "0" "0" ) 0.00793650793651 0.992063492063 ;
     ( "0" "0" "1" ) 0.999427590155 0.000572409845449 ;
     ( "1" "0" "1" ) 0.75 0.25 ;
     ( "0" "0" "0" ) 0.999498746867 0.000501253132832 ;
     ( "0" "1" "0" ) 0.99209486166 0.00790513833992 ;
     ( "1" "1" "1" ) 0.333333333333 0.666666666667 ;
    }

variable "x2" {
   type discrete[2] { "0" "1" }
    }
probability ( "x2" | "x4" "x5" ) {
     default 0.5 0.5 ;
     ( "0" "1" ) 0.001001001001 0.998998998999 ;
     ( "1" "0" ) 0.000286450873675 0.999713549126 ;
     ( "0" "0" ) 0.996015936255 0.00398406374502 ;
     ( "1" "1" ) 0.333333333333 0.666666666667 ;
    }

variable "x3" {
   type discrete[2] { "0" "1" }
    }
probability ( "x3" | "x4" "x5" ) {
     default 0.5 0.5 ;
     ( "0" "1" ) 0.998998998999 0.001001001001 ;
     ( "1" "0" ) 0.000286450873675 0.999713549126 ;
     ( "0" "0" ) 0.00398406374502 0.996015936255 ;
     ( "1" "1" ) 0.333333333333 0.666666666667 ;
    }

variable "x4" {
   type discrete[2] { "0" "1" }
    }
probability ( "x4" | "x4" ) {
     default 0.5 0.5 ;
     ( "0" ) 0.999332888592 0.000667111407605 ;
     ( "1" ) 0.000286123032904 0.999713876967 ;
    }

variable "x5" {
   type discrete[2] { "0" "1" }
    }
probability ( "x5" | "x4" "x6" ) {
     default 0.5 0.5 ;
     ( "0" "1" ) 0.998003992016 0.00199600798403 ;
     ( "1" "0" ) 0.999666110184 0.000333889816361 ;
     ( "0" "0" ) 0.001 0.999 ;
     ( "1" "1" ) 0.998007968127 0.00199203187251 ;
    }

variable "x6" {
   type discrete[2] { "0" "1" }
    }
probability ( "x6" | "x1" "x10" "x2" ) {
     default 0.5 0.5 ;
     ( "0" "1" "1" ) 0.665333333333 0.334666666667 ;
     ( "1" "1" "0" ) 0.666666666667 0.333333333333 ;
     ( "1" "0" "0" ) 0.75 0.25 ;
     ( "0" "0" "1" ) 0.999074359766 0.000925640234496 ;
     ( "1" "0" "1" ) 0.00793650793651 0.992063492063 ;
     ( "0" "0" "0" ) 0.00399201596806 0.996007984032 ;
     ( "0" "1" "0" ) 0.666666666667 0.333333333333 ;
     ( "1" "1" "1" ) 0.996031746032 0.00396825396825 ;
    }

variable "x7" {
   type discrete[2] { "0" "1" }
    }
probability ( "x7" | "x4" "x7" ) {
     default 0.5 0.5 ;
     ( "0" "1" ) 0.00199600798403 0.998003992016 ;
     ( "1" "0" ) 0.000572082379863 0.99942791762 ;
     ( "0" "0" ) 0.999 0.001 ;
     ( "1" "1" ) 0.999428244711 0.000571755288736 ;
    }

variable "x8" {
   type discrete[2] { "0" "1" }
    }
probability ( "x8" | "x4" ) {
     default 0.5 0.5 ;
     ( "0" ) 0.000667111407605 0.999332888592 ;
     ( "1" ) 0.999427753934 0.000572246065808 ;
    }

variable "x9" {
   type discrete[2] { "0" "1" }
    }
probability ( "x9" | "x1" "x10" "x5" ) {
     default 0.5 0.5 ;
     ( "1" "1" "0" ) 0.00398406374502 0.996015936255 ;
     ( "0" "1" "1" ) 0.666666666667 0.333333333333 ;
     ( "1" "0" "0" ) 0.99209486166 0.00790513833992 ;
     ( "0" "0" "1" ) 0.997997997998 0.002002002002 ;
     ( "1" "0" "1" ) 0.333333333333 0.666666666667 ;
     ( "0" "0" "0" ) 0.000364564345607 0.999635435654 ;
     ( "0" "1" "0" ) 0.333333333333 0.666666666667 ;
     ( "1" "1" "1" ) 0.5 0.5 ;
    }

