\\ File generated by BNfinder
\\ 01/20/26 17:00:45
\\ Network graph learned with MDL scoring function from expression data file 'trajectories/10d_001/10d_001_sync_f10_s10_l100_at1.0.txt'
\\ Conditional probability distributions generated with total pseudocounts number 1.000000

network "BNProject" {}

variable "x1" {
   type discrete[2] { "0" "1" }
    }
probability ( "x1" | "x1" "x10" "x7" ) {
     default 0.5 0.5 ;
     ( "1" "1" "0" ) 0.972222222222 0.0277777777778 ;
     ( "0" "1" "1" ) 0.992481203008 0.00751879699248 ;
     ( "1" "0" "0" ) 0.0555555555556 0.944444444444 ;
     ( "0" "0" "1" ) 0.996254681648 0.00374531835206 ;
     ( "1" "0" "1" ) 0.8 0.2 ;
     ( "0" "0" "0" ) 0.997967479675 0.0020325203252 ;
     ( "0" "1" "0" ) 0.0285714285714 0.971428571429 ;
    }

variable "x10" {
   type discrete[2] { "0" "1" }
    }
probability ( "x10" | "x1" "x6" "x8" ) {
     default 0.5 0.5 ;
     ( "0" "1" "1" ) 0.990196078431 0.00980392156863 ;
     ( "1" "0" "0" ) 0.0149253731343 0.985074626866 ;
     ( "0" "0" "1" ) 0.997971602434 0.00202839756592 ;
     ( "1" "0" "1" ) 0.5 0.5 ;
     ( "0" "0" "0" ) 0.994949494949 0.00505050505051 ;
     ( "1" "1" "1" ) 0.833333333333 0.166666666667 ;
     ( "0" "1" "0" ) 0.00746268656716 0.992537313433 ;
    }

variable "x2" {
   type discrete[2] { "0" "1" }
    }
probability ( "x2" | "x4" "x9" ) {
     default 0.5 0.5 ;
     ( "0" "1" ) 0.990099009901 0.00990099009901 ;
     ( "1" "0" ) 0.00735294117647 0.992647058824 ;
     ( "0" "0" ) 0.00201207243461 0.997987927565 ;
     ( "1" "1" ) 0.00378787878788 0.996212121212 ;
    }

variable "x3" {
   type discrete[2] { "0" "1" }
    }
probability ( "x3" | "x4" "x9" ) {
     default 0.5 0.5 ;
     ( "0" "1" ) 0.00990099009901 0.990099009901 ;
     ( "1" "0" ) 0.00735294117647 0.992647058824 ;
     ( "0" "0" ) 0.997987927565 0.00201207243461 ;
     ( "1" "1" ) 0.00378787878788 0.996212121212 ;
    }

variable "x4" {
   type discrete[2] { "0" "1" }
    }
probability ( "x4" | "x4" ) {
     default 0.5 0.5 ;
     ( "0" ) 0.998322147651 0.00167785234899 ;
     ( "1" ) 0.00251256281407 0.997487437186 ;
    }

variable "x5" {
   type discrete[2] { "0" "1" }
    }
probability ( "x5" | "x4" "x9" ) {
     default 0.5 0.5 ;
     ( "0" "1" ) 0.990099009901 0.00990099009901 ;
     ( "1" "0" ) 0.992647058824 0.00735294117647 ;
     ( "0" "0" ) 0.00201207243461 0.997987927565 ;
     ( "1" "1" ) 0.996212121212 0.00378787878788 ;
    }

variable "x6" {
   type discrete[2] { "0" "1" }
    }
probability ( "x6" | "x10" "x6" "x7" ) {
     default 0.5 0.5 ;
     ( "0" "1" "1" ) 0.0233918128655 0.976608187135 ;
     ( "1" "0" "0" ) 0.985507246377 0.0144927536232 ;
     ( "0" "0" "1" ) 0.990099009901 0.00990099009901 ;
     ( "1" "0" "1" ) 0.0149253731343 0.985074626866 ;
     ( "0" "0" "0" ) 0.998095238095 0.00190476190476 ;
     ( "1" "1" "1" ) 0.985294117647 0.0147058823529 ;
     ( "0" "1" "0" ) 0.666666666667 0.333333333333 ;
    }

variable "x7" {
   type discrete[2] { "0" "1" }
    }
probability ( "x7" | "x3" "x7" ) {
     default 0.5 0.5 ;
     ( "0" "1" ) 0.75 0.25 ;
     ( "1" "0" ) 0.990196078431 0.00980392156863 ;
     ( "0" "0" ) 0.997971602434 0.00202839756592 ;
     ( "1" "1" ) 0.00501253132832 0.994987468672 ;
    }

variable "x8" {
   type discrete[2] { "0" "1" }
    }
probability ( "x8" | "x4" ) {
     default 0.5 0.5 ;
     ( "0" ) 0.00167785234899 0.998322147651 ;
     ( "1" ) 0.997487437186 0.00251256281407 ;
    }

variable "x9" {
   type discrete[2] { "0" "1" }
    }
probability ( "x9" | "x10" "x7" "x9" ) {
     default 0.5 0.5 ;
     ( "1" "1" "0" ) 0.0149253731343 0.985074626866 ;
     ( "0" "1" "1" ) 0.00502512562814 0.994974874372 ;
     ( "1" "0" "0" ) 0.666666666667 0.333333333333 ;
     ( "0" "0" "1" ) 0.0294117647059 0.970588235294 ;
     ( "1" "0" "1" ) 0.0147058823529 0.985294117647 ;
     ( "0" "0" "0" ) 0.995951417004 0.00404858299595 ;
     ( "0" "1" "0" ) 0.972602739726 0.027397260274 ;
     ( "1" "1" "1" ) 0.970588235294 0.0294117647059 ;
    }

