\\ File generated by BNfinder
\\ 01/20/26 16:19:28
\\ Network graph learned with BDE scoring function from expression data file 'trajectories/7d_001/7d_001_sync_f1_s10_l10_at0.3.txt'
\\ Conditional probability distributions generated with total pseudocounts number 1.000000

network "BNProject" {}

variable "x1" {
   type discrete[2] { "0" "1" }
    }
probability ( "x1" | "x6" "x7" ) {
     default 0.5 0.5 ;
     ( "0" "1" ) 0.916666666667 0.0833333333333 ;
     ( "1" "0" ) 0.916666666667 0.0833333333333 ;
     ( "0" "0" ) 0.916666666667 0.0833333333333 ;
     ( "1" "1" ) 0.0161290322581 0.983870967742 ;
    }

variable "x2" {
   type discrete[2] { "0" "1" }
    }
probability ( "x2" | "x2" ) {
     default 0.5 0.5 ;
     ( "0" ) 0.0192307692308 0.980769230769 ;
     ( "1" ) 0.97619047619 0.0238095238095 ;
    }

variable "x3" {
   type discrete[2] { "0" "1" }
    }
probability ( "x3" | "x6" "x7" ) {
     default 0.5 0.5 ;
     ( "0" "1" ) 0.916666666667 0.0833333333333 ;
     ( "1" "0" ) 0.0833333333333 0.916666666667 ;
     ( "0" "0" ) 0.0833333333333 0.916666666667 ;
     ( "1" "1" ) 0.0161290322581 0.983870967742 ;
    }

variable "x4" {
   type discrete[2] { "0" "1" }
    }
probability ( "x4" | "x1" ) {
     default 0.5 0.5 ;
     ( "0" ) 0.03125 0.96875 ;
     ( "1" ) 0.983870967742 0.0161290322581 ;
    }

variable "x5" {
   type discrete[2] { "0" "1" }
    }
probability ( "x5" | "x5" "x6" ) {
     default 0.5 0.5 ;
     ( "0" "1" ) 0.0238095238095 0.97619047619 ;
     ( "1" "0" ) 0.0833333333333 0.916666666667 ;
     ( "0" "0" ) 0.916666666667 0.0833333333333 ;
     ( "1" "1" ) 0.96875 0.03125 ;
    }

variable "x6" {
   type discrete[2] { "0" "1" }
    }
probability ( "x6" | "x1" "x2" ) {
     default 0.5 0.5 ;
     ( "0" "1" ) 0.0833333333333 0.916666666667 ;
     ( "1" "0" ) 0.96875 0.03125 ;
     ( "0" "0" ) 0.0454545454545 0.954545454545 ;
     ( "1" "1" ) 0.03125 0.96875 ;
    }

variable "x7" {
   type discrete[2] { "0" "1" }
    }
probability ( "x7" | "x6" "x7" ) {
     default 0.5 0.5 ;
     ( "0" "1" ) 0.0833333333333 0.916666666667 ;
     ( "1" "0" ) 0.916666666667 0.0833333333333 ;
     ( "0" "0" ) 0.0833333333333 0.916666666667 ;
     ( "1" "1" ) 0.0161290322581 0.983870967742 ;
    }

