\\ File generated by BNfinder
\\ 01/20/26 16:11:22
\\ Network graph learned with MDL scoring function from expression data file 'trajectories/7d_000/7d_000_sync_f1_s300_l10_at0.2.txt'
\\ Conditional probability distributions generated with total pseudocounts number 1.000000

network "BNProject" {}

variable "x1" {
   type discrete[2] { "0" "1" }
    }
probability ( "x1" | "x2" "x5" ) {
     default 0.5 0.5 ;
     ( "1" "0" ) 0.00110864745011 0.99889135255 ;
     ( "0" "0" ) 0.998738965952 0.00126103404792 ;
     ( "1" "1" ) 0.999010880317 0.000989119683482 ;
    }

variable "x2" {
   type discrete[2] { "0" "1" }
    }
probability ( "x2" | "x1" "x5" ) {
     default 0.5 0.5 ;
     ( "0" "1" ) 0.00166112956811 0.998338870432 ;
     ( "1" "0" ) 0.998338870432 0.00166112956811 ;
     ( "0" "0" ) 0.000914913083257 0.999085086917 ;
     ( "1" "1" ) 0.00243309002433 0.997566909976 ;
    }

variable "x3" {
   type discrete[2] { "0" "1" }
    }
probability ( "x3" ) {
     table 0.000370096225019 0.999629903775 ;
    }

variable "x4" {
   type discrete[2] { "0" "1" }
    }
probability ( "x4" | "x1" "x4" ) {
     default 0.5 0.5 ;
     ( "0" "1" ) 0.994475138122 0.00552486187845 ;
     ( "1" "0" ) 0.998947368421 0.00105263157895 ;
     ( "0" "0" ) 0.999339498018 0.000660501981506 ;
     ( "1" "1" ) 0.015873015873 0.984126984127 ;
    }

variable "x5" {
   type discrete[2] { "0" "1" }
    }
probability ( "x5" | "x1" "x5" "x7" ) {
     default 0.5 0.5 ;
     ( "1" "1" "0" ) 0.00331125827815 0.996688741722 ;
     ( "0" "1" "1" ) 0.00331125827815 0.996688741722 ;
     ( "1" "0" "0" ) 0.995850622407 0.00414937759336 ;
     ( "0" "0" "1" ) 0.998738965952 0.00126103404792 ;
     ( "1" "0" "1" ) 0.997245179063 0.00275482093664 ;
     ( "0" "0" "0" ) 0.00331125827815 0.996688741722 ;
     ( "0" "1" "0" ) 0.00331125827815 0.996688741722 ;
     ( "1" "1" "1" ) 0.990990990991 0.00900900900901 ;
    }

variable "x6" {
   type discrete[2] { "0" "1" }
    }
probability ( "x6" | "x1" "x4" ) {
     default 0.5 0.5 ;
     ( "0" "1" ) 0.00552486187845 0.994475138122 ;
     ( "1" "0" ) 0.00105263157895 0.998947368421 ;
     ( "0" "0" ) 0.000660501981506 0.999339498018 ;
     ( "1" "1" ) 0.984126984127 0.015873015873 ;
    }

variable "x7" {
   type discrete[2] { "0" "1" }
    }
probability ( "x7" | "x1" "x3" "x4" ) {
     default 0.5 0.5 ;
     ( "1" "1" "0" ) 0.00105263157895 0.998947368421 ;
     ( "0" "1" "1" ) 0.00813008130081 0.991869918699 ;
     ( "0" "0" "1" ) 0.0166666666667 0.983333333333 ;
     ( "0" "0" "0" ) 0.0133333333333 0.986666666667 ;
     ( "0" "1" "0" ) 0.999306037474 0.000693962526024 ;
     ( "1" "1" "1" ) 0.015873015873 0.984126984127 ;
    }

